-0.997072 -0.994315 -0.991888 -0.989932 -0.988562 -0.987856 -0.987856 -0.988562 -0.989932 -0.991888 -0.994315 -0.997072 
-0.994316 -0.988961 -0.984249 -0.980451 -0.977790 -0.976420 -0.976420 -0.977790 -0.980452 -0.984249 -0.988961 -0.994316 
-0.991890 -0.984251 -0.977527 -0.972110 -0.968313 -0.966358 -0.966358 -0.968313 -0.972110 -0.977528 -0.984251 -0.991890 
-0.989937 -0.980458 -0.972115 -0.965393 -0.960682 -0.958256 -0.958256 -0.960682 -0.965393 -0.972115 -0.980458 -0.989937 
-0.988569 -0.977803 -0.968327 -0.960691 -0.955340 -0.952585 -0.952585 -0.955340 -0.960691 -0.968327 -0.977803 -0.988569 
-0.987867 -0.976439 -0.966381 -0.958276 -0.952597 -0.949672 -0.949672 -0.952597 -0.958276 -0.966381 -0.976439 -0.987867 
-0.987870 -0.976446 -0.966390 -0.958287 -0.952609 -0.949685 -0.949685 -0.952609 -0.958287 -0.966390 -0.976446 -0.987870 
-0.988578 -0.977820 -0.968351 -0.960721 -0.955374 -0.952621 -0.952621 -0.955374 -0.960721 -0.968351 -0.977820 -0.988578 
-0.989949 -0.980482 -0.972149 -0.965436 -0.960730 -0.958307 -0.958307 -0.960730 -0.965436 -0.972149 -0.980482 -0.989949 
-0.991903 -0.984276 -0.977564 -0.972155 -0.968364 -0.966412 -0.966412 -0.968364 -0.972155 -0.977564 -0.984276 -0.991903 
-0.994326 -0.988982 -0.984279 -0.980489 -0.977833 -0.976465 -0.976465 -0.977833 -0.980489 -0.984279 -0.988982 -0.994326 
-0.997079 -0.994327 -0.991905 -0.989953 -0.988586 -0.987881 -0.987881 -0.988586 -0.989953 -0.991905 -0.994327 -0.997079 
