-0.997117 -0.994402 -0.992011 -0.990085 -0.988735 -0.988040 -0.988039 -0.988734 -0.990084 -0.992010 -0.994400 -0.997116 
-0.994402 -0.989129 -0.984488 -0.980747 -0.978126 -0.976776 -0.976775 -0.978124 -0.980745 -0.984484 -0.989126 -0.994400 
-0.992012 -0.984489 -0.977866 -0.972530 -0.968789 -0.966862 -0.966861 -0.968786 -0.972525 -0.977862 -0.984485 -0.992010 
-0.990087 -0.980751 -0.972532 -0.965910 -0.961268 -0.958877 -0.958876 -0.961264 -0.965905 -0.972527 -0.980746 -0.990085 
-0.988739 -0.978132 -0.968796 -0.961272 -0.955999 -0.953283 -0.953281 -0.955995 -0.961267 -0.968790 -0.978127 -0.988736 
-0.988045 -0.976785 -0.966874 -0.958887 -0.953289 -0.950405 -0.950403 -0.953284 -0.958881 -0.966867 -0.976780 -0.988042 
-0.988047 -0.976787 -0.966877 -0.958891 -0.953293 -0.950410 -0.950408 -0.953289 -0.958884 -0.966870 -0.976782 -0.988043 
-0.988742 -0.978139 -0.968805 -0.961284 -0.956012 -0.953296 -0.953295 -0.956008 -0.961278 -0.968799 -0.978133 -0.988739 
-0.990092 -0.980760 -0.972545 -0.965925 -0.961286 -0.958896 -0.958894 -0.961282 -0.965920 -0.972539 -0.980755 -0.990089 
-0.992017 -0.984498 -0.977880 -0.972546 -0.968808 -0.966883 -0.966881 -0.968805 -0.972542 -0.977875 -0.984494 -0.992015 
-0.994406 -0.989137 -0.984499 -0.980761 -0.978142 -0.976792 -0.976792 -0.978140 -0.980758 -0.984496 -0.989134 -0.994404 
-0.997119 -0.994406 -0.992018 -0.990093 -0.988744 -0.988049 -0.988049 -0.988743 -0.990092 -0.992016 -0.994405 -0.997119 
